16
sp|Q8NR14|PFKA_CORGL           0.0000000 1.5509221 2.0257417 1.3002635 1.4504639 4.7721563 2.8143536 1.6984594 1.9143321 1.6297189 3.4820422 1.6670547 3.4733881 1.6908062 1.8906263 1.5749576 
sp|P72830|PFKA1_SYNY3          1.5509221 0.0000000 1.3054475 1.3053293 1.3760415 4.8187004 2.8189841 1.4295794 1.7900974 1.7459604 3.2763444 1.5996830 3.1772017 1.6086868 1.7698685 1.8201485 
sp|Q55988|PFKA2_SYNY3          2.0257417 1.3054475 0.0000000 1.9022788 1.7945238 5.4109746 3.4289828 2.2962257 2.4295893 2.1952775 3.2769600 2.1463685 3.1912650 2.2234429 2.4381937 2.5282112 
tr|A0A081UD84|A0A081UD84_BACFG 1.3002635 1.3053293 1.9022788 0.0000000 0.9840282 5.0789621 3.0662629 1.4937340 1.6336572 1.7026430 3.2372579 1.5094201 3.1863121 1.6324515 1.6829982 1.7377621 
sp|E0RTD9|PFKA_SPITD           1.4504639 1.3760415 1.7945238 0.9840282 0.0000000 4.6384748 3.0298647 1.3950710 1.6752661 1.6321728 3.1397768 1.5067763 3.0928395 1.5436827 1.6952951 1.5233129 
sp|P06999|PFKB_ECOLI           4.7721563 4.8187004 5.4109746 5.0789621 4.6384748 0.0000000 4.9823013 5.0064829 4.9742975 4.7585777 7.0489646 4.6804623 7.4796452 4.1916625 4.0512084 4.1121495 
sp|O51669|PFKA_BORBU           2.8143536 2.8189841 3.4289828 3.0662629 3.0298647 4.9823013 0.0000000 2.6349020 3.3253116 2.6616719 3.5547470 3.0683006 3.8201740 3.0064150 2.9097776 2.8635334 
tr|B5YEZ4|B5YEZ4_DICT6         1.6984594 1.4295794 2.2962257 1.4937340 1.3950710 5.0064829 2.6349020 0.0000000 1.4702833 1.0312389 3.0339926 1.2204668 2.9345453 1.0744524 1.3265053 1.0920753 
tr|A0A0H2Z4Y4|A0A0H2Z4Y4_ECOK1 1.9143321 1.7900974 2.4295893 1.6336572 1.6752661 4.9742975 3.3253116 1.4702833 0.0000000 1.2465064 3.4873193 1.3040051 3.3693509 0.8966731 1.3591781 1.4021850 
tr|I3VV24|I3VV24_THESW         1.6297189 1.7459604 2.1952775 1.7026430 1.6321728 4.7585777 2.6616719 1.0312389 1.2465064 0.0000000 3.2146256 0.7454624 3.3132648 0.7257892 1.1865365 1.0972554 
tr|A3DCA6|A3DCA6_ACET2         3.4820422 3.2763444 3.2769600 3.2372579 3.1397768 7.0489646 3.5547470 3.0339926 3.4873193 3.2146256 0.0000000 3.1610881 0.1167585 3.5845824 3.3691169 3.7281462 
tr|A3DEW4|A3DEW4_ACET2         1.6670547 1.5996830 2.1463685 1.5094201 1.5067763 4.6804623 3.0683006 1.2204668 1.3040051 0.7454624 3.1610881 0.0000000 3.1494436 0.8597070 1.2074594 1.0475249 
tr|A0A2K2FEL3|A0A2K2FEL3_9CLOT 3.4733881 3.1772017 3.1912650 3.1863121 3.0928395 7.4796452 3.8201740 2.9345453 3.3693509 3.3132648 0.1167585 3.1494436 0.0000000 3.6033908 3.3778967 3.7524764 
tr|A0A6M3ZEX6|A0A6M3ZEX6_BACSU 1.6908062 1.6086868 2.2234429 1.6324515 1.5436827 4.1916625 3.0064150 1.0744524 0.8966731 0.7257892 3.5845824 0.8597070 3.6033908 0.0000000 1.1093373 0.9858754 
tr|A0A0K6BYK5|A0A0K6BYK5_BACFG 1.8906263 1.7698685 2.4381937 1.6829982 1.6952951 4.0512084 2.9097776 1.3265053 1.3591781 1.1865365 3.3691169 1.2074594 3.3778967 1.1093373 0.0000000 1.0638107 
sp|Q72H98|PFKA_THET2           1.5749576 1.8201485 2.5282112 1.7377621 1.5233129 4.1121495 2.8635334 1.0920753 1.4021850 1.0972554 3.7281462 1.0475249 3.7524764 0.9858754 1.0638107 0.0000000 
