15
sp|Q8NR14|PFKA_CORGL           0.0000000 1.5909353 2.0927163 1.3314314 1.4862795 2.9291226 1.7481406 1.9771699 1.6784496 3.6498258 1.7165273 3.6426988 1.7412856 1.9488658 1.6200288 
sp|P72830|PFKA1_SYNY3          1.5909353 0.0000000 1.3377274 1.3383690 1.4110381 2.9400360 1.4661446 1.8470174 1.7991286 3.4291046 1.6434304 3.3222297 1.6527877 1.8233847 1.8762348 
sp|Q55988|PFKA2_SYNY3          2.0927163 1.3377274 0.0000000 1.9648226 1.8510328 3.5900410 2.3815260 2.5199717 2.2736708 3.4286516 2.2200078 3.3348949 2.3003499 2.5297002 2.6282688 
tr|A0A081UD84|A0A081UD84_BACFG 1.3314314 1.3383690 1.9648226 0.0000000 1.0043487 3.2068296 1.5351810 1.6818946 1.7560898 3.3845116 1.5497075 3.3279750 1.6794383 1.7315319 1.7914304 
sp|E0RTD9|PFKA_SPITD           1.4862795 1.4110381 1.8510328 1.0043487 0.0000000 3.1651042 1.4283131 1.7238372 1.6753007 3.2759755 1.5441466 3.2275955 1.5828719 1.7413388 1.5629039 
sp|O51669|PFKA_BORBU           2.9291226 2.9400360 3.5900410 3.2068296 3.1651042 0.0000000 2.7398525 3.4856252 2.7722983 3.7445055 3.2092918 4.0382567 3.1386133 3.0377622 2.9832150 
tr|B5YEZ4|B5YEZ4_DICT6         1.7481406 1.4661446 2.3815260 1.5351810 1.4283131 2.7398525 0.0000000 1.5112146 1.0563239 3.1709851 1.2494357 3.0626727 1.1012473 1.3597489 1.1179041 
tr|A0A0H2Z4Y4|A0A0H2Z4Y4_ECOK1 1.9771699 1.8470174 2.5199717 1.6818946 1.7238372 3.4856252 1.5112146 0.0000000 1.2778560 3.6558572 1.3387273 3.5250153 0.9138351 1.3953422 1.4404751 
tr|I3VV24|I3VV24_THESW         1.6784496 1.7991286 2.2736708 1.7560898 1.6753007 2.7722983 1.0563239 1.2778560 0.0000000 3.3659736 0.7587559 3.4732011 0.7384149 1.2135918 1.1246710 
tr|A3DCA6|A3DCA6_ACET2         3.6498258 3.4291046 3.4286516 3.3845116 3.2759755 3.7445055 3.1709851 3.6558572 3.3659736 0.0000000 3.3076636 0.1169460 3.7623987 3.5248288 3.9157406 
tr|A3DEW4|A3DEW4_ACET2         1.7165273 1.6434304 2.2200078 1.5497075 1.5441466 3.2092918 1.2494357 1.3387273 0.7587559 3.3076636 0.0000000 3.2925552 0.8761023 1.2372532 1.0713471 
tr|A0A2K2FEL3|A0A2K2FEL3_9CLOT 3.6426988 3.3222297 3.3348949 3.3279750 3.2275955 4.0382567 3.0626727 3.5250153 3.4732011 0.1169460 3.2925552 0.0000000 3.7816578 3.5365109 3.9433687 
tr|A0A6M3ZEX6|A0A6M3ZEX6_BACSU 1.7412856 1.6527877 2.3003499 1.6794383 1.5828719 3.1386133 1.1012473 0.9138351 0.7384149 3.7623987 0.8761023 3.7816578 0.0000000 1.1333553 1.0084698 
tr|A0A0K6BYK5|A0A0K6BYK5_BACFG 1.9488658 1.8233847 2.5297002 1.7315319 1.7413388 3.0377622 1.3597489 1.3953422 1.2135918 3.5248288 1.2372532 3.5365109 1.1333553 0.0000000 1.0871728 
sp|Q72H98|PFKA_THET2           1.6200288 1.8762348 2.6282688 1.7914304 1.5629039 2.9832150 1.1179041 1.4404751 1.1246710 3.9157406 1.0713471 3.9433687 1.0084698 1.0871728 0.0000000 
