15
sp|P72830|PFKA1_SYNY3          0.0000000 1.3531598 1.3962149 1.4663842 1.5673541 2.0641113 1.8405720 1.9068717 1.8210164 1.9029101 1.8012573 1.6164274 4.2075183 4.1592618 3.7974251 
sp|Q55988|PFKA2_SYNY3          1.3531598 0.0000000 2.0929706 1.9149458 2.3938113 2.8059979 2.6573557 2.8472617 2.4000983 2.4227089 2.4125797 2.4949882 5.0424632 4.9299481 4.7970818 
tr|A0A081UD84|A0A081UD84_BACFG 1.3962149 2.0929706 0.0000000 0.9444431 1.4125065 1.7858285 1.7980213 1.9159436 1.6844769 1.7713680 1.6988462 1.6616569 3.8475219 3.7558190 3.8736211 
sp|E0RTD9|PFKA_SPITD           1.4663842 1.9149458 0.9444431 0.0000000 1.5373228 1.8411548 1.6118715 1.9267944 1.8001362 1.9355372 1.8751417 1.6769401 3.8888387 3.8038421 4.0605704 
sp|Q8NR14|PFKA_CORGL           1.5673541 2.3938113 1.4125065 1.5373228 0.0000000 2.0332543 1.6578568 1.9186353 1.7728307 1.8689549 1.9086013 1.8475229 4.4718044 4.5154909 3.4015416 
tr|A0A0K6BYK5|A0A0K6BYK5_BACFG 2.0641113 2.8059979 1.7858285 1.8411548 2.0332543 0.0000000 1.0696315 1.4193375 1.1401129 1.2093557 1.2555414 1.3551811 4.1376294 4.0711515 3.6479687 
sp|Q72H98|PFKA_THET2           1.8405720 2.6573557 1.7980213 1.6118715 1.6578568 1.0696315 0.0000000 1.4357628 1.0169768 1.1605970 1.0928295 1.1576117 4.2542078 4.2496423 3.6524531 
tr|A0A0H2Z4Y4|A0A0H2Z4Y4_ECOK1 1.9068717 2.8472617 1.9159436 1.9267944 1.9186353 1.4193375 1.4357628 0.0000000 0.9015923 1.2566452 1.3406236 1.5565254 4.4059548 4.2162749 4.7952524 
tr|A0A6M3ZEX6|A0A6M3ZEX6_BACSU 1.8210164 2.4000983 1.6844769 1.8001362 1.7728307 1.1401129 1.0169768 0.9015923 0.0000000 0.7480038 0.8759531 1.1051229 4.4536226 4.5129780 4.1357170 
tr|I3VV24|I3VV24_THESW         1.9029101 2.4227089 1.7713680 1.9355372 1.8689549 1.2093557 1.1605970 1.2566452 0.7480038 0.0000000 0.7606449 1.0439089 4.0824942 4.1481796 3.3952072 
tr|A3DEW4|A3DEW4_ACET2         1.8012573 2.4125797 1.6988462 1.8751417 1.9086013 1.2555414 1.0928295 1.3406236 0.8759531 0.7606449 0.0000000 1.2513072 3.9520687 3.9562572 3.9725988 
tr|B5YEZ4|B5YEZ4_DICT6         1.6164274 2.4949882 1.6616569 1.6769401 1.8475229 1.3551811 1.1576117 1.5565254 1.1051229 1.0439089 1.2513072 0.0000000 3.7157684 3.5666793 3.6961849 
tr|A3DCA6|A3DCA6_ACET2         4.2075183 5.0424632 3.8475219 3.8888387 4.4718044 4.1376294 4.2542078 4.4059548 4.4536226 4.0824942 3.9520687 3.7157684 0.0000000 0.1170071 5.2686600 
tr|A0A2K2FEL3|A0A2K2FEL3_9CLOT 4.1592618 4.9299481 3.7558190 3.8038421 4.5154909 4.0711515 4.2496423 4.2162749 4.5129780 4.1481796 3.9562572 3.5666793 0.1170071 0.0000000 5.7674712 
sp|O51669|PFKA_BORBU           3.7974251 4.7970818 3.8736211 4.0605704 3.4015416 3.6479687 3.6524531 4.7952524 4.1357170 3.3952072 3.9725988 3.6961849 5.2686600 5.7674712 0.0000000 
