16
sp|P72830|PFKA1_SYNY3          0.0000000 1.3166384 1.3542882 1.4221228 1.5209453 1.9871493 1.7766140 1.8374357 1.7601927 1.8341048 1.7418081 1.5658800 3.9606513 3.9186418 3.5843639 8.9999986 
sp|Q55988|PFKA2_SYNY3          1.3166384 0.0000000 2.0127298 1.8453585 2.2981675 2.6804891 2.5393106 2.7203765 2.3030849 2.3223269 2.3142457 2.3897626 4.7253777 4.6251101 4.4993075 8.9999989 
tr|A0A081UD84|A0A081UD84_BACFG 1.3542882 2.0127298 0.0000000 0.9237253 1.3715465 1.7244948 1.7338550 1.8446494 1.6269755 1.7084097 1.6415232 1.6042689 3.6336447 3.5518637 3.6501490 8.9999987 
sp|E0RTD9|PFKA_SPITD           1.4221228 1.8453585 0.9237253 0.0000000 1.4928920 1.7808145 1.5614890 1.8573170 1.7421720 1.8678290 1.8128122 1.6239449 3.6794263 3.5980807 3.8210373 8.9999985 
sp|Q8NR14|PFKA_CORGL           1.5209453 2.2981675 1.3715465 1.4928920 0.0000000 1.9606820 1.6031740 1.8487199 1.7123549 1.8027906 1.8404129 1.7825215 4.2039676 4.2405657 3.2325736 8.9999980 
tr|A0A0K6BYK5|A0A0K6BYK5_BACFG 1.9871493 2.6804891 1.7244948 1.7808145 1.9606820 0.0000000 1.0429476 1.3769430 1.1117154 1.1782399 1.2197458 1.3171442 3.9017991 3.8372194 3.4486932 8.9999986 
sp|Q72H98|PFKA_THET2           1.7766140 2.5393106 1.7338550 1.5614890 1.6031740 1.0429476 0.0000000 1.3906589 0.9897604 1.1266531 1.0635951 1.1249432 4.0026957 3.9950506 3.4622311 8.9999987 
tr|A0A0H2Z4Y4|A0A0H2Z4Y4_ECOK1 1.8374357 2.7203765 1.8446494 1.8573170 1.8487199 1.3769430 1.3906589 0.0000000 0.8819335 1.2212490 1.3008518 1.5066902 4.1442628 3.9771933 4.4901582 8.9999985 
tr|A0A6M3ZEX6|A0A6M3ZEX6_BACSU 1.7601927 2.3030849 1.6269755 1.7421720 1.7123549 1.1117154 0.9897604 0.8819335 0.0000000 0.7328219 0.8567214 1.0737176 4.1861322 4.2392783 3.9006348 8.9999984 
tr|I3VV24|I3VV24_THESW         1.8341048 2.3223269 1.7084097 1.8678290 1.8027906 1.1782399 1.1266531 1.2212490 0.7328219 0.0000000 0.7450258 1.0154360 3.8435989 3.9018680 3.2178622 8.9999983 
tr|A3DEW4|A3DEW4_ACET2         1.7418081 2.3142457 1.6415232 1.8128122 1.8404129 1.2197458 1.0635951 1.3008518 0.8567214 0.7450258 0.0000000 1.2173408 3.7223263 3.7297213 3.7459706 8.9999990 
tr|B5YEZ4|B5YEZ4_DICT6         1.5658800 2.3897626 1.6042689 1.6239449 1.7825215 1.3171442 1.1249432 1.5066902 1.0737176 1.0154360 1.2173408 0.0000000 3.5098325 3.3758316 3.5031197 8.9999985 
tr|A3DCA6|A3DCA6_ACET2         3.9606513 4.7253777 3.6336447 3.6794263 4.2039676 3.9017991 4.0026957 4.1442628 4.1861322 3.8435989 3.7223263 3.5098325 0.0000000 0.1167526 4.8981517 8.9999982 
tr|A0A2K2FEL3|A0A2K2FEL3_9CLOT 3.9186418 4.6251101 3.5518637 3.5980807 4.2405657 3.8372194 3.9950506 3.9771933 4.2392783 3.9018680 3.7297213 3.3758316 0.1167526 0.0000000 5.3307242 8.9999981 
sp|O51669|PFKA_BORBU           3.5843639 4.4993075 3.6501490 3.8210373 3.2325736 3.4486932 3.4622311 4.4901582 3.9006348 3.2178622 3.7459706 3.5031197 4.8981517 5.3307242 0.0000000 8.9999985 
sp|P06999|PFKB_ECOLI           8.9999986 8.9999989 8.9999987 8.9999985 8.9999980 8.9999986 8.9999987 8.9999985 8.9999984 8.9999983 8.9999990 8.9999985 8.9999982 8.9999981 8.9999985 0.0000000 
